f0 = 1000;
G = 40;

% (R0/n+R0)/(2*R0) = G
% 1/(2*n)+1/2 = G
n = 1/(2*G - 1)
C0 = 10e-9
R0 = 1/(2*pi*C0*f0);

R1 = R0
R2 = R0*n
R3 = R0/n;
R4 = R0;
Rt = R3+R4

%%
C0 = 10e-9;
f0 = 1000;

R0 = 1/(2*pi*f0*C0);

n = .5e-3

R1 = R0;
R2 = R0*n;
R3 = R0/n;
R4 = R0;

G = (R3+R4)/(2*R1)

C1 = C0;
C2 = C0;